000;255;000;255;000;255;00000;99999
000;255;000;255;000;255;00000;99999
000;255;000;255;000;255;00000;99999
000;255;000;255;000;255;00000;99999
000;255;000;255;000;255;00000;99999
000;255;000;255;000;255;00000;99999
000;255;000;255;000;255;00000;99999
000;255;000;255;000;255;00000;99999
000;255;000;255;000;255;00000;99999
000;255;000;255;000;255;00000;99999
000;255;000;255;000;255;00000;99999
000;255;000;255;000;255;00000;99999
000;255;000;255;000;255;00000;99999
000;255;000;255;000;255;00000;99999
000;255;000;255;000;255;00000;99999
000;255;000;255;000;255;00000;99999
000;255;000;255;000;255;00000;99999
000;255;000;255;000;255;00000;99999
000;255;000;255;000;255;00000;99999
000;255;000;255;000;255;00000;99999
